mostafa
5 5
2 2 0 24
0 0 0 0 1 
1 1 0 0 2 
9 3 1 1 2 
9 3 9 1 1 
1 2 1 1 0 
-1 -1 -1 -1 -2 
-2 -2 -1 -1 -2 
-3 -2 -2 -2 -2 
9 3 9 1 1 
1 2 1 1 0 
ahmed
10 10
1 11 0 33
0 0 0 1 9 1 0 1 9 1 
0 0 0 1 1 1 0 1 1 1 
0 0 0 0 0 0 0 0 0 0 
0 0 0 0 0 0 0 0 0 1 
1 1 0 0 0 0 0 0 0 1 
9 2 1 2 1 1 1 2 2 2 
1 2 9 2 9 1 2 9 9 1 
0 1 1 2 1 2 4 9 5 2 
0 0 0 0 0 1 9 9 9 1 
0 0 0 0 0 1 2 3 2 1 
-1 -1 -1 -2 9 -2 -1 -2 9 1 
-1 -1 -1 -2 -2 -2 -1 -2 -2 -2 
-1 -1 -1 -1 -1 -1 -1 -1 -1 -1 
-1 -1 -1 -1 -1 -1 -1 -1 -1 -2 
-2 -2 -1 -1 -1 -1 -1 -1 -1 -2 
9 -2 -2 -2 -2 -2 -2 -2 -2 -2 
1 2 9 2 9 1 2 9 9 1 
0 1 1 2 1 2 4 9 5 2 
0 0 0 0 0 1 9 9 9 1 
0 0 0 0 0 1 2 3 2 1 
