abdo
5 5
1 3 0 3
1 1 1 1 1 
9 1 1 9 1 
1 1 2 2 2 
0 0 1 9 1 
0 0 1 1 1 
1 1 1 1 1 
9 1 1 9 1 
1 1 -2 2 2 
0 0 1 9 1 
0 0 1 1 1 
samii
5 5
1 3 0 7
1 1 1 1 1 
9 1 1 9 1 
1 1 2 2 2 
0 0 1 9 1 
0 0 1 1 1 
-2 1 1 1 1 
9 1 1 9 1 
1 1 -2 2 2 
0 0 1 9 1 
0 0 1 1 1 
samiii
6 6
1 4 0 2
1 1 0 0 0 0 
9 1 1 1 1 0 
1 1 2 9 3 1 
0 0 2 9 9 1 
0 0 1 2 2 1 
0 0 0 0 0 0 
1 1 0 0 0 0 
9 1 1 1 1 0 
1 1 -2 9 3 1 
0 0 2 9 9 1 
0 0 1 2 2 1 
0 0 0 0 0 0 
e
5 5
1 3 0 15
0 1 1 1 0 
1 2 9 1 0 
1 9 3 2 1 
1 1 2 9 1 
0 0 1 1 1 
0 1 1 1 0 
1 2 9 1 0 
1 9 -2 2 1 
1 1 2 9 1 
0 0 1 1 1 
