mostafa
5 5
1 3 0 40
1 9 1 0 0 
2 2 1 0 0 
9 2 0 0 0 
9 2 0 0 0 
1 1 0 0 0 
-2 9 1 0 0 
2 2 1 0 0 
9 2 0 0 0 
9 2 0 0 0 
1 1 0 0 0 
ahmed
5 5
1 3 0 59
1 9 1 0 0 
2 2 1 0 0 
9 2 0 0 0 
9 2 0 0 0 
1 1 0 0 0 
-2 9 1 0 0 
2 2 1 0 0 
9 2 0 0 0 
9 2 0 0 0 
1 1 0 0 0 
samii
5 5
6 0 0 37
1 1 0 0 0 
9 2 1 1 0 
1 3 9 2 0 
0 2 9 2 0 
0 1 1 1 0 
-2 -2 -1 -1 -1 
-3 -2 -2 -2 -1 
-2 -2 -3 -2 -1 
-1 -2 -3 -2 -1 
-1 -2 1 -2 -1 
san
6 6
7 3 0 21
9 3 9 1 0 0 
3 9 2 1 0 0 
9 2 1 0 0 0 
1 1 0 0 0 0 
0 0 0 0 0 0 
0 0 0 0 0 0 
9 3 9 -2 -1 -1 
3 -3 -2 -2 -1 -1 
9 -2 -2 -1 -1 -1 
-2 -2 -1 -1 -1 -1 
-1 -1 -1 -1 -1 -1 
-1 -1 -1 -1 -1 -1 
sammmmmm
6 6
7 3 0 27
9 3 9 1 0 0 
3 9 2 1 0 0 
9 2 1 0 0 0 
1 1 0 0 0 0 
0 0 0 0 0 0 
0 0 0 0 0 0 
9 3 9 -2 -1 -1 
3 -3 -2 -2 -1 -1 
9 -2 -2 -1 -1 -1 
-2 -2 -1 -1 -1 -1 
-1 -1 -1 -1 -1 -1 
-1 -1 -1 -1 -1 -1 
wwwwww
6 6
7 3 0 32
9 3 9 1 0 0 
3 9 2 1 0 0 
9 2 1 0 0 0 
1 1 0 0 0 0 
0 0 0 0 0 0 
0 0 0 0 0 0 
9 3 9 -2 -1 -1 
3 -3 -2 -2 -1 -1 
9 -2 -2 -1 -1 -1 
-2 -2 -1 -1 -1 -1 
-1 -1 -1 -1 -1 -1 
-1 -1 -1 -1 -1 -1 
